,A apol,A AMR,A nH,A nC,A nN,A nO,A nS,A MW,A nBondsD,A nBonds,A nBonds2,A Sv,A Sse,A Spe,A Sare,A Sp,A Si,A Mv,A Mse,A Mpe,A Mare,A Mp,A Mi,A ETA_dEpsilon_A,A ETA_dAlpha_B,A ETA_BetaP,A FMF,A fragC,A HOMO,A LOMO,A Bandgap,B apol,B AMR,B nH,B nC,B nN,B nO,B nS,B MW,B nBondsD,B nBonds,B nBonds2,B Sv,B Sse,B Spe,B Sare,B Sp,B Si,B Mv,B Mse,B Mpe,B Mare,B Mp,B Mi,B ETA_dEpsilon_A,B ETA_dAlpha_B,B ETA_BetaP,B FMF,B fragC,B HOMO,B LOMO,B Bandgap,Time (s),Potential (v)
A apol,1.0,0.9966096397348062,0.7335077901701306,0.9717902285207545,0.534516887511779,0.8084071140260237,0.8775121553437754,0.9837589367862016,0.9825267532913992,0.9907781670110051,0.9985060651897653,0.9990788950758089,0.9959588627227474,0.9961228034717088,0.9958198388128056,0.9999748533503189,0.9930428751398873,0.7725523333130391,0.8181075591386453,0.8487872537037395,0.8425543301454889,0.7421034603232631,-0.43550571791377646,0.8559135090557243,-0.08303242117506714,0.5337308198109229,0.40291929130787324,0.9399628887478927,-0.2064720952253645,-0.8892157802292202,-0.796146608972634,-0.08409933536135943,-0.08642057018755266,-0.03831221165389942,-0.08479838630394707,-0.06631133344901922,-0.08744272238646714,-0.07725154574647726,-0.0865451859054308,-0.0857505370864367,-0.08696539215772271,-0.08208765784759307,-0.08534948209686183,-0.08269133344848355,-0.08317292289797983,-0.083184762137349,-0.08405163622933014,-0.08062549415802234,-0.09395374974104555,-0.0879582194726224,-0.09133531511085165,-0.09046435061795816,-0.09148858117665795,0.07853297827528412,-0.0906620142947625,0.02971263336528396,-0.08223388281958463,-0.05571003070396472,-0.08026235750159592,-0.07977002276227775,0.1074477432755099,0.13293013792944738,4.403566398256649e-19,-0.2703357625026757
A AMR,0.9966096397348062,1.0,0.7081452097621678,0.9817579318496156,0.5150455378371449,0.7950093094182075,0.8692278687844889,0.9775536048600765,0.990185891528574,0.9900235474872839,0.9923008038908633,0.9952030591324542,0.9861500332043136,0.9865488461327832,0.9860314704231756,0.9961857876205202,0.982170222465832,0.8100920895460456,0.8161276796406007,0.852933713516512,0.8437343153669598,0.7864617642502472,-0.49007993416074447,0.8599921255692623,-0.1408343959438536,0.5831325380209563,0.4539888863471058,0.9394840129506996,-0.21952492586649366,-0.8949086524926487,-0.797365235652595,-0.08113497172846026,-0.08392107810119175,-0.034451552969834154,-0.08289919172984984,-0.0621535937586623,-0.08442842065143014,-0.07347437222021604,-0.08354501204225011,-0.08353699603062881,-0.08450709745289002,-0.07901704907915548,-0.08245953784456984,-0.07934273238611332,-0.07985797672869603,-0.07985919691619785,-0.08105420363796935,-0.07717567678067858,-0.09762564828024656,-0.08720075150388198,-0.09153576341859833,-0.09039166322784047,-0.09512090106144533,0.08509913065455907,-0.09049183892514563,0.032353910442416534,-0.0890016338487478,-0.06329098116875838,-0.07673682332224162,-0.08277368075634282,0.1094752753598849,0.13591498550626244,0.0,-0.25549407927762763
A nH,0.7335077901701306,0.7081452097621678,1.0,0.7037591704534544,0.6394599945038794,0.34211366402968707,0.4484259864749185,0.633630358451047,0.6257354654417837,0.6394577131899789,0.7600375529698129,0.7091943858298102,0.7539037513890426,0.7467545356034954,0.74627745494476,0.7337616677873771,0.7920805678504744,0.2665829696153713,0.29656314200213,0.3154861852933956,0.3154872864451582,0.2785874204904708,0.007990913232888966,0.3285279416377213,-0.14060584373875434,0.2444930953329894,0.07294135198242195,0.5103187018308478,0.17075600841392138,-0.4656250511551486,-0.5090893277426904,-0.08052063526157384,-0.08057421271339564,-0.07371568957580832,-0.08372978398069222,-0.06689733044450318,-0.05012866249076169,-0.0532121841548038,-0.07250012959209493,-0.07145152768290802,-0.074148033895681,-0.08107605775383284,-0.07896629196507432,-0.08041415640624512,-0.08003609193457138,-0.07995920942210967,-0.08039397897151009,-0.08199521480478288,-0.04333168807100969,-0.030316497972991675,-0.033448523214685756,-0.03213095179069388,-0.04788952868168022,0.035783833814529896,-0.035643273565574944,0.05405145357285888,-0.039779455727905866,-0.006536178565595237,-0.07273596550243948,-0.09010464966430132,0.056218260101199034,0.08493108877398628,0.0,-0.21736698896052808
A nC,0.9717902285207545,0.9817579318496156,0.7037591704534544,1.0,0.47079854141906397,0.7138773385596334,0.7826104238348668,0.9298764597281155,0.9679053995924041,0.9622543373005522,0.9678650521962471,0.9663571861393829,0.9490208660290199,0.9489156064327171,0.9478198006557316,0.970093228301412,0.9483123115021664,0.8496941569604302,0.7381880854346277,0.7927437111600519,0.7763892792789217,0.8431249237300772,-0.5906729223292344,0.7956090767247209,-0.26915531265133674,0.6518614885167647,0.5684195850750475,0.9036619036347215,-0.15562074740947168,-0.9012468597584299,-0.8246541405708986,-0.08259004739100877,-0.08459940361941441,-0.04286111288978882,-0.08543341568948923,-0.060887024053420044,-0.08144533077743558,-0.068092827387176,-0.082969349114262,-0.08155767795546234,-0.08480565908152418,-0.08153460377813493,-0.08357341386351352,-0.0813804078781802,-0.08174425225218004,-0.08174196138745658,-0.08247442935019322,-0.07984201864413902,-0.09389658186297203,-0.07974564176494692,-0.08478833213912144,-0.08347435499207509,-0.09136997775640524,0.08503059607203371,-0.08308162728995155,0.03201777070739735,-0.0842092920095587,-0.06599729008350375,-0.07419419746916552,-0.08420487966773342,0.1090024886931879,0.13589677875543388,1.3565096307909071e-18,-0.20120517682841657
A nN,0.534516887511779,0.5150455378371449,0.6394599945038794,0.47079854141906397,1.0,0.1292777961829279,0.27443271386955126,0.4746690102475227,0.5041658762371317,0.48731410446212875,0.5522896177560754,0.5238739053202248,0.5514864055837592,0.5496959004977084,0.5500306759809038,0.5359660055714143,0.5879797991990205,0.2101987768160836,0.20814781488189674,0.26063462400325443,0.2676207217591766,0.19626150477862034,0.26890714086510514,0.26119866739953884,0.14100807116614744,0.45701925117986675,0.14604173510777957,0.4000664066284753,0.4949556401309166,-0.4615250641726729,-0.6122881597050783,-0.042987592441470726,-0.04586309212911588,0.009080713100421425,-0.048666444189248675,-0.0525226856879642,-0.03538140754258392,-0.0422620685679428,-0.0463083092713077,-0.055661296746390636,-0.05006110762727837,-0.03884432086936561,-0.044369311149754107,-0.03711520246285238,-0.037946034953007045,-0.0378409378455083,-0.04279352563427386,-0.034614693780906966,-0.0792352714806489,-0.06062681118118199,-0.06729507984161671,-0.06605349919985555,-0.0774639523829825,0.06419575185900528,-0.06611886107916091,0.016331418681615185,-0.07173018655554819,-0.057734208802729135,-0.06571105587688839,-0.11766303910981198,0.07917968263750388,0.11668057255497895,0.0,-0.3249536563247951
A nO,0.8084071140260237,0.7950093094182075,0.34211366402968707,0.7138773385596334,0.1292777961829279,1.0,0.9713317892607591,0.8938614608250475,0.806901609123288,0.8531885382474461,0.7962875758762081,0.8292390647702503,0.8235637129703768,0.8276101155123748,0.8287236637631024,0.8105434941043107,0.7872127351086751,0.6510206146384873,0.9690442041461875,0.9391724834195158,0.9465114882545768,0.5661359354958246,-0.39132557727462414,0.9469723654647866,0.24960543986798833,0.1831377144499312,0.1428834790729539,0.8805980421073226,-0.5689991514946068,-0.7474731715803333,-0.5385023050824506,-0.05803890576063211,-0.05916428657678756,-0.020888208427564184,-0.050839721179718904,-0.04358908342929527,-0.08464717785121813,-0.07152099104561367,-0.06564681065512903,-0.060177680158085826,-0.06130404219232691,-0.05621297856734171,-0.059909427213509704,-0.059375763073687436,-0.05986507459375108,-0.059996872941130555,-0.05825092778621167,-0.05673134108243166,-0.05881364379270379,-0.08270046845586432,-0.07914927475159543,-0.08024820534461272,-0.05393620451051596,0.03609963458263094,-0.07944518502097696,-0.005622649937209655,-0.040284714319506365,-0.01707528550509445,-0.05354081496193581,-0.008559276256841527,0.07163527184930643,0.07443496992980025,1.1335454938734444e-18,-0.24014815022649827
A nS,0.8775121553437754,0.8692278687844889,0.4484259864749185,0.7826104238348668,0.27443271386955126,0.9713317892607591,1.0,0.9432637323127756,0.884036747901337,0.905838809193512,0.864129017630066,0.8925329059328206,0.8883726635752867,0.891560049322026,0.892374787327134,0.8795993640305304,0.8600119138306483,0.6667492132436783,0.954037775727067,0.9324114927057141,0.9380097693562687,0.6009463123907294,-0.35904352390820027,0.946948706051297,0.14973810005950017,0.26090394993122595,0.15436090205626601,0.9248973005440652,-0.5562593190124152,-0.7633151670086084,-0.5581142954088445,-0.0698555614727581,-0.07340888481606633,-0.015620065897744614,-0.06573657839084505,-0.05596379050462851,-0.0913751324626038,-0.08309387424897938,-0.07797629120013491,-0.07775488422444556,-0.07505240528951045,-0.06613157381360397,-0.07198706848819392,-0.06854722575051216,-0.06929681408162622,-0.06936330666324635,-0.06996579632457262,-0.06509758216691205,-0.08800799818094975,-0.09747326491302524,-0.09718886401847905,-0.09712954987325399,-0.08526766794458651,0.06697086874818309,-0.09797849817494497,0.02386936213308313,-0.07875707070362706,-0.04155435225971488,-0.06929667523720157,-0.031513816533001324,0.0944763702660117,0.10460005977484246,4.557758666397253e-19,-0.27912256534021546
A MW,0.9837589367862016,0.9775536048600765,0.633630358451047,0.9298764597281155,0.4746690102475227,0.8938614608250475,0.9432637323127756,1.0,0.9759645910276117,0.9927926664248852,0.9782846006745278,0.9901383159576126,0.9853446050716022,0.9870326207262744,0.9872056520404386,0.9845199332490308,0.9724048112533122,0.7697834884819817,0.9009296356147601,0.916917339413695,0.9151636144833344,0.7199717046865638,-0.4194803431482444,0.9243187541529208,0.03245798037571094,0.4707368442433867,0.34533297514400096,0.9659600212158089,-0.30583779691488516,-0.8915699108009376,-0.7655835255327936,-0.07861503530993494,-0.08106537899533621,-0.028595229031152438,-0.07726095696830602,-0.06271703623881957,-0.09063292401452083,-0.07971158946822884,-0.08365865537421578,-0.08250703673265591,-0.0828499998683391,-0.0760683795565888,-0.08035149596642753,-0.0773800919035326,-0.07799515830181515,-0.07803820028532404,-0.07863446037246113,-0.07467341002852595,-0.09254544592811807,-0.09421755600459925,-0.09607644125661458,-0.09570096814765587,-0.08892018168172473,0.07352042811387569,-0.09549020430383401,0.019740374839390822,-0.07845988632753868,-0.05175740624495821,-0.07692450706451688,-0.06542458965522982,0.10512038785472426,0.1260386660458991,7.488477429276524e-19,-0.28696823813921246
A nBondsD,0.9825267532913992,0.990185891528574,0.6257354654417837,0.9679053995924041,0.5041658762371317,0.806901609123288,0.884036747901337,0.9759645910276117,1.0,0.9871183643797791,0.9717551608585722,0.9843220497434547,0.9674338314088665,0.9690307141047321,0.9685332486914262,0.9821082744961732,0.9583857053222832,0.83932552705934,0.8408508920185852,0.8798463302435872,0.8701699407438406,0.8135005909905858,-0.5127574929492517,0.887980708209183,-0.1318135237953674,0.6106486697889406,0.4763741629083696,0.9492480080650263,-0.26330973313466355,-0.9191973588922925,-0.8065005440983886,-0.07804839650776835,-0.08175676167841275,-0.022217753368069866,-0.07937436133650477,-0.06326695425520723,-0.08672617267231784,-0.07626072234246524,-0.08286456201520719,-0.08474703232431151,-0.08346167179911682,-0.07485053014295026,-0.07994568578024752,-0.07548744823271261,-0.0762234396930785,-0.07623122672534785,-0.07798253541123831,-0.07252471992519686,-0.10675675172460353,-0.09623128514352591,-0.10096629417310835,-0.09982153355835684,-0.1035817020318641,0.09151407146039564,-0.09985820812629317,0.0310384265994051,-0.1006686498318687,-0.07215919472746468,-0.0757713714315385,-0.07917500428860841,0.11747980519258149,0.14278391933125034,1.7522512316002007e-19,-0.25602479852180854
A nBonds,0.9907781670110051,0.9900235474872839,0.6394577131899789,0.9622543373005522,0.48731410446212875,0.8531885382474461,0.905838809193512,0.9927926664248852,0.9871183643797791,1.0,0.9856560432473697,0.9949348524878178,0.9838688300723177,0.9854668704399567,0.9852823631279093,0.9907705181291985,0.9732616480656754,0.8204962387081508,0.8732459744949603,0.9039569387332548,0.8975764802558396,0.7800690724441661,-0.4868095986093596,0.9076841083993958,-0.04335627979083655,0.550065779172797,0.4425093173981732,0.9684883085360563,-0.2517114894427425,-0.9183900309781828,-0.8095502625763398,-0.07989675861811611,-0.08217590186799305,-0.030593586210551575,-0.07978206723893919,-0.06157398435465363,-0.08995161929844908,-0.0773958165961687,-0.08413141455525963,-0.08274794373235392,-0.0842273178361935,-0.07774428717661859,-0.08157426461951894,-0.07855464330483067,-0.07914620420245189,-0.07917942797484065,-0.07987627664731085,-0.07597391400587421,-0.09573617777215464,-0.09338626696571463,-0.09615170148310742,-0.09554909617249575,-0.09181840639631353,0.0795734151088948,-0.0948519114331483,0.020135549786243205,-0.08034058691661994,-0.059578725810336,-0.07723170972323168,-0.07032836498780204,0.10892949657416483,0.13141123242366,9.889746222617548e-19,-0.26576509128193954
A nBonds2,0.9985060651897653,0.9923008038908633,0.7600375529698129,0.9678650521962471,0.5522896177560754,0.7962875758762081,0.864129017630066,0.9782846006745278,0.9717551608585722,0.9856560432473697,1.0,0.9966825748562708,0.9971428481318775,0.9969243128100846,0.9966636261716476,0.9985553288716509,0.9965570004597571,0.7520732927729931,0.8032429874521412,0.8333564136911392,0.8279633342672712,0.7205358397253072,-0.40973991718405395,0.8393697653462648,-0.06751318784295066,0.5186328408480051,0.3900590517409482,0.9306720440317862,-0.17528555568049767,-0.8785138084301847,-0.796053854458623,-0.08521096938821907,-0.08714926134793535,-0.042041851821238346,-0.08581846888662793,-0.06673248023876556,-0.08703881346595604,-0.07710242170766814,-0.08702987338781223,-0.08563026222715499,-0.08747267400341978,-0.08351343431165033,-0.08628774705364341,-0.08405312284096052,-0.0844701721215316,-0.08448137912301551,-0.08516585366000581,-0.08221872619083723,-0.0904364103468793,-0.08559306985870971,-0.08861817395079204,-0.08781957652866391,-0.0881252683170356,0.07511738612651597,-0.08800125185662651,0.02888526952200518,-0.0766429537722006,-0.05179591574859524,-0.08124940866225132,-0.07922673307598777,0.10441731374719593,0.1297236523760212,5.573118562924155e-19,-0.27236254628319917
A Sv,0.9990788950758089,0.9952030591324542,0.7091943858298102,0.9663571861393829,0.5238739053202248,0.8292390647702503,0.8925329059328206,0.9901383159576126,0.9843220497434547,0.9949348524878178,0.9966825748562708,1.0,0.9958708961839691,0.9964551414024535,0.9962532628492383,0.9991902233623133,0.99055081710386,0.7794876569465778,0.8399296378890451,0.8686108150798654,0.8631678102600124,0.7440440274829565,-0.4379586758958494,0.8752020399230175,-0.05566509485320474,0.5280537645185639,0.39971286890263713,0.9492155929484025,-0.22258276427157775,-0.8976168728314874,-0.798986943843331,-0.08259265241858778,-0.08486046896353462,-0.03595546784489853,-0.08281008971624566,-0.06522717772602425,-0.08818280252192814,-0.07746565158285022,-0.08566243422912614,-0.08463746280105512,-0.08583048200875407,-0.08051492598721273,-0.08397278558298066,-0.08127159291263415,-0.08178463925558961,-0.08180559913415252,-0.0825607655009331,-0.07905699712023664,-0.09348667252179867,-0.0894714716260849,-0.09249191703645745,-0.0917652946063984,-0.09055627484496408,0.07715360069051917,-0.09172835057078778,0.025894366485688353,-0.08065804196512417,-0.05509700886295511,-0.07926903143165813,-0.07697197632181026,0.1071319527705507,0.13172427658767782,-7.538308513268503e-19,-0.27408746776726
A Sse,0.9959588627227474,0.9861500332043136,0.7539037513890426,0.9490208660290199,0.5514864055837592,0.8235637129703768,0.8883726635752867,0.9853446050716022,0.9674338314088665,0.9838688300723177,0.9971428481318775,0.9958708961839691,1.0,0.9999379317330933,0.9999200661042831,0.9965003887360875,0.9978353826206436,0.7244491347553763,0.8240494846513609,0.8458504021123905,0.8434505338029399,0.6857746244587413,-0.36686559036336674,0.8537965457261996,-0.01258459311240899,0.47579101244155475,0.3337161923165046,0.9311875753468389,-0.20135665141720901,-0.8692985620143239,-0.7784762614149489,-0.08371385908479784,-0.08569933378987728,-0.03992806309607995,-0.08347988637340858,-0.06724520509239683,-0.08723842723232134,-0.07809750096143256,-0.08618457059811535,-0.08488416663667862,-0.08605021246648935,-0.0817691105906497,-0.08486977691077158,-0.08264162605423682,-0.08308382899740305,-0.0831037047423833,-0.08369602733140921,-0.08069803677399072,-0.08824317753432248,-0.0863143356192638,-0.08875529331565872,-0.08814813957051416,-0.08586987797749866,0.07071551390541785,-0.08849548162601036,0.026585050087554428,-0.07488677021691313,-0.04697069792647878,-0.08066061382334154,-0.07715271735618263,0.10220079512966215,0.12684522150032976,-5.509816754129673e-19,-0.28829447240766737
A Spe,0.9961228034717088,0.9865488461327832,0.7467545356034954,0.9489156064327171,0.5496959004977084,0.8276101155123748,0.891560049322026,0.9870326207262744,0.9690307141047321,0.9854668704399567,0.9969243128100846,0.9964551414024535,0.9999379317330933,1.0,0.9999933824516727,0.9966722809456074,0.9971722005394865,0.7287825966825835,0.8291599695706262,0.8510395125314412,0.8486499028290894,0.6892941056698235,-0.3703001600859106,0.8588133225428963,-0.009131504157224532,0.4783263690195818,0.336761948707062,0.9341792296063628,-0.20481664171745131,-0.872757692119961,-0.78069497441618,-0.0833527683763611,-0.0853595300385916,-0.03906090886200478,-0.0830658010067715,-0.06697357217467105,-0.08745631471670073,-0.0781587073612052,-0.08600613294104621,-0.0847206752133764,-0.08584851786758946,-0.0813685249984225,-0.08455400575024365,-0.08225983257550543,-0.08271591238466741,-0.0827372986102942,-0.08333673553617588,-0.0802595955185629,-0.08865610097030477,-0.08693631611722238,-0.08935954124148594,-0.0887698164287678,-0.08615630515818125,0.07099205286687038,-0.08905050017335095,0.02584327880282873,-0.07513262632102662,-0.047501810203843156,-0.08047507080660306,-0.07678689946351325,0.10257569117683879,0.12710420247154172,0.0,-0.2888450303436376
A Sare,0.9958198388128056,0.9860314704231756,0.74627745494476,0.9478198006557316,0.5500306759809038,0.8287236637631024,0.892374787327134,0.9872056520404386,0.9685332486914262,0.9852823631279093,0.9966636261716476,0.9962532628492383,0.9999200661042831,0.9999933824516727,1.0,0.9963934210095003,0.9970877778620677,0.727425792188404,0.8300847845874438,0.8516167817098906,0.8493832212662313,0.6874877691835314,-0.3680167143323312,0.8593978257935662,-0.00576634741281053,0.47634641421327434,0.33440756592345666,0.9341619753641753,-0.20516693991532314,-0.8723573576845373,-0.7801899953714906,-0.08326648799341395,-0.08526435860125184,-0.03896967162077783,-0.08293465599463305,-0.0669589097274462,-0.08747107204812817,-0.07819436190995993,-0.08595133522352284,-0.08465127024546168,-0.08576814513543318,-0.08127758176909261,-0.08447142977976567,-0.08218235525249606,-0.08263922926332129,-0.082661152270048,-0.08325191179971604,-0.08017747475102081,-0.08849354824889316,-0.086965233666361,-0.08934897653824816,-0.08877226643865543,-0.08597815665544725,0.07072629053553872,-0.08904884264856659,0.02560578530709857,-0.0748847670454153,-0.04724202848215705,-0.08045233341093896,-0.07661480408042652,0.10241858108620759,0.1268921981517271,-5.4912351652731795e-19,-0.2896225112059972
A Sp,0.9999748533503189,0.9961857876205202,0.7337616677873771,0.970093228301412,0.5359660055714143,0.8105434941043107,0.8795993640305304,0.9845199332490308,0.9821082744961732,0.9907705181291985,0.9985553288716509,0.9991902233623133,0.9965003887360875,0.9966722809456074,0.9963934210095003,1.0,0.9935205721598145,0.7695579972366926,0.819796146514273,0.8497311149846875,0.8438079810979532,0.7384176758733471,-0.43045959331832795,0.8569792679614214,-0.07736333070742667,0.5297125659881136,0.3975909194914821,0.9402334745739482,-0.20782082450643996,-0.8880773805963319,-0.7945940611639056,-0.08407126673367096,-0.08639985215773079,-0.03814196812775923,-0.08470522917691192,-0.06641652237829646,-0.08754668745272469,-0.07745947034574545,-0.08657712060462824,-0.08580171920791159,-0.08695437871558707,-0.08203259299495856,-0.085328343475171,-0.08265852995609133,-0.08314323929171753,-0.08315549307201048,-0.0840256515304209,-0.08057863494168829,-0.09387341022448344,-0.08812834323253677,-0.09145240620346548,-0.09059552345018672,-0.09141224203875782,0.07826900984338174,-0.09081076709817157,0.029617368883775672,-0.08210266134170834,-0.05535204409171643,-0.08037472179799977,-0.07956699953376621,0.10730714922468582,0.13272483315228284,-7.568660728844979e-19,-0.27217835621974884
A Si,0.9930428751398873,0.982170222465832,0.7920805678504744,0.9483123115021664,0.5879797991990205,0.7872127351086751,0.8600119138306483,0.9724048112533122,0.9583857053222832,0.9732616480656754,0.9965570004597571,0.99055081710386,0.9978353826206436,0.9971722005394865,0.9970877778620677,0.9935205721598145,1.0,0.7018422859283051,0.787697923048808,0.812325848661842,0.8097826352998525,0.6677899748501024,-0.33864036500963374,0.8204576647884623,-0.02773227381273665,0.48037886580991723,0.32824310563790704,0.9115845927011402,-0.15478375430576014,-0.8555081126408492,-0.7804681118233244,-0.08486537440168677,-0.08679182504958542,-0.04238151742489273,-0.08519650331561092,-0.06870577878922221,-0.08537115976599317,-0.07720121271461755,-0.08655772734256088,-0.08556245033004843,-0.08675869544740353,-0.08301619007773935,-0.08585232595788292,-0.08367566406914706,-0.08407876764509985,-0.08408709844758323,-0.08482917559599507,-0.08193714300196056,-0.087614066534564,-0.08377571082425253,-0.0865857066954812,-0.08585813681810421,-0.08569769634948605,0.07068404338118305,-0.08641465082919993,0.02936393509713605,-0.07486585514553411,-0.04649962610782943,-0.08197070942838364,-0.08230160293205752,0.10156661105997722,0.12784759711600802,1.2853485227527372e-18,-0.2901769049818178
A Mv,0.7725523333130391,0.8100920895460456,0.2665829696153713,0.8496941569604302,0.2101987768160836,0.6510206146384873,0.6667492132436783,0.7697834884819817,0.83932552705934,0.8204962387081508,0.7520732927729931,0.7794876569465778,0.7244491347553763,0.7287825966825835,0.727425792188404,0.7695579972366926,0.7018422859283051,1.0,0.7523062365183645,0.82858883212369,0.8026903950739401,0.9888630880988397,-0.8490859648222073,0.8175003305797679,-0.31839456607531985,0.8063842542133107,0.8278706783344414,0.784717324916167,-0.21663075107002153,-0.8922012930768805,-0.7956902551382194,-0.03251742671563882,-0.03448928150534869,-0.002346667760071587,-0.035450219153512895,-0.009062477223527963,-0.049217444574888386,-0.02805994998464777,-0.036172566997767865,-0.03454777989273788,-0.03793883843253085,-0.031930630746842784,-0.0343024027136066,-0.031773883096295356,-0.03225611914888789,-0.03229506860950706,-0.03241408561067293,-0.02958744879615165,-0.07567966181605684,-0.06337857735611631,-0.06796647535944214,-0.06713222879757681,-0.06891032392778774,0.07730643985619416,-0.0635752580894472,-0.003702036867343421,-0.06544523309925837,-0.07663073917968026,-0.022361071308927807,-0.05579329377700172,0.08593892409043487,0.1037737410094608,0.0,-0.08793948841626048
A Mse,0.8181075591386453,0.8161276796406007,0.29656314200213,0.7381880854346277,0.20814781488189674,0.9690442041461875,0.954037775727067,0.9009296356147601,0.8408508920185852,0.8732459744949603,0.8032429874521412,0.8399296378890451,0.8240494846513609,0.8291599695706262,0.8300847845874438,0.819796146514273,0.787697923048808,0.7523062365183645,1.0,0.9905639675917641,0.9943797887071301,0.6668346011830466,-0.4550817829757062,0.992405172619847,0.23532882525007776,0.33636486050032555,0.29092766531062275,0.8865482282619109,-0.5049274079221084,-0.8117403988440224,-0.6221595526086658,-0.04184335123422507,-0.04404186589038162,-0.004851270467776928,-0.03631834579641028,-0.026573071063022282,-0.07089192043271134,-0.0574670792929773,-0.05008832392110304,-0.04718221166257343,-0.046393702015505994,-0.03958173686196816,-0.04391491973245944,-0.04235494997971141,-0.042927645716230645,-0.04304037447361886,-0.04200688258654095,-0.039409599081392035,-0.06191834743871818,-0.08076587802716047,-0.07835880534265154,-0.07920982173841776,-0.05609337107926911,0.04417932451197905,-0.07780892798118343,-0.01008991632263115,-0.04590396119955549,-0.029547707442750204,-0.037162711068747946,-0.012051034283627781,0.07034427109117887,0.07425287774423382,0.0,-0.2288304879902294
A Mpe,0.8487872537037395,0.852933713516512,0.3154861852933956,0.7927437111600519,0.26063462400325443,0.9391724834195158,0.9324114927057141,0.916917339413695,0.8798463302435872,0.9039569387332548,0.8333564136911392,0.8686108150798654,0.8458504021123905,0.8510395125314412,0.8516167817098906,0.8497311149846875,0.812325848661842,0.82858883212369,0.9905639675917641,1.0,0.9989478273230732,0.7516524672843121,-0.5259987703512593,0.9984783256945767,0.16051204791453838,0.45604285533086514,0.4100711130998136,0.9045180100940233,-0.43090095131581324,-0.8725936241222082,-0.7057891925840947,-0.04098618828355868,-0.043159837004240524,-0.0028946114973683306,-0.03690484202944157,-0.024849200753204275,-0.06895650274683801,-0.05375330570388044,-0.04888730081599093,-0.046324460274867786,-0.046190469698022575,-0.03888562819883145,-0.04314521576281927,-0.041155652331781055,-0.04176044388943307,-0.0418631210088707,-0.04110394528372299,-0.03817412240593155,-0.06738383793011121,-0.08133829070357668,-0.08024295641865674,-0.08086360834203642,-0.06080499410781723,0.051735299921726055,-0.07878741658576671,-0.012286511713590085,-0.05072389072861303,-0.04037872292861259,-0.036333012206792886,-0.024201892232161584,0.07675530722792469,0.08453464297327018,0.0,-0.2224610160396867
A Mare,0.8425543301454889,0.8437343153669598,0.3154872864451582,0.7763892792789217,0.2676207217591766,0.9465114882545768,0.9380097693562687,0.9151636144833344,0.8701699407438406,0.8975764802558396,0.8279633342672712,0.8631678102600124,0.8434505338029399,0.8486499028290894,0.8493832212662313,0.8438079810979532,0.8097826352998525,0.8026903950739401,0.9943797887071301,0.9989478273230732,1.0,0.7210524323592489,-0.4890333592212842,0.9979050328973683,0.20117642243761866,0.4243671212972375,0.37246304811853326,0.9003838942472671,-0.4338172841355162,-0.8605837003136853,-0.6931501399886554,-0.040765493409160504,-0.04288530018516296,-0.0025896929925646735,-0.03616533331567042,-0.025698638815071888,-0.0693107250092625,-0.05479475903438746,-0.04892668911508895,-0.04631794657479572,-0.045921750780801365,-0.038581601521888165,-0.042932657939521425,-0.04100721045660445,-0.04161572305457701,-0.041722557629877643,-0.04089986027655181,-0.03800078267120665,-0.06551432744156363,-0.0815564171059514,-0.08000671548331595,-0.08075714354308529,-0.05895362462762048,0.04853853747424732,-0.0787670187434418,-0.013713940739612128,-0.04825933105715912,-0.036833818475608376,-0.03681858142637531,-0.021633523392621715,0.07478810350311856,0.08174860334141586,0.0,-0.23131911438209776
A Mp,0.7421034603232631,0.7864617642502472,0.2785874204904708,0.8431249237300772,0.19626150477862034,0.5661359354958246,0.6009463123907294,0.7199717046865638,0.8135005909905858,0.7800690724441661,0.7205358397253072,0.7440440274829565,0.6857746244587413,0.6892941056698235,0.6874877691835314,0.7384176758733471,0.6677899748501024,0.9888630880988397,0.6668346011830466,0.7516524672843121,0.7210524323592489,1.0,-0.8798962233471763,0.7429193122518977,-0.45380825147184123,0.8426406653499114,0.8617444522125906,0.7376749158991689,-0.19588722568115255,-0.8463426304805518,-0.7579690039686269,-0.033639660844510456,-0.03619963093577877,-0.0030596212425414698,-0.03885240368824524,-0.008551735903848173,-0.04498328438309716,-0.024779724450379122,-0.035977832058827625,-0.03584859958186507,-0.03895323806490328,-0.03295999342560606,-0.03523763868298376,-0.03211617884079266,-0.032585701603032494,-0.03258949821269519,-0.03346328090538901,-0.03008934012152349,-0.08155110663998713,-0.05948562529170311,-0.06599719293859234,-0.06448552507300345,-0.07611935545248738,0.0881421629136316,-0.06153938623130398,0.010432169352856157,-0.07738738404344193,-0.08612722897869202,-0.02281031263651933,-0.06693443341381067,0.08963703734783621,0.11101855741420556,-1.8986192366742753e-18,-0.06385391060574734
A Mi,-0.43550571791377646,-0.49007993416074447,0.007990913232888966,-0.5906729223292344,0.26890714086510514,-0.39132557727462414,-0.35904352390820027,-0.4194803431482444,-0.5127574929492517,-0.4868095986093596,-0.40973991718405395,-0.4379586758958494,-0.36686559036336674,-0.3703001600859106,-0.3680167143323312,-0.43045959331832795,-0.33864036500963374,-0.8490859648222073,-0.4550817829757062,-0.5259987703512593,-0.4890333592212842,-0.8798962233471763,1.0,-0.5135992946917802,0.58452423400889,-0.6427451550718525,-0.8267592381537996,-0.4764885662960094,0.32623877468633783,0.5786112856774862,0.45461085512621185,0.01772567937902874,0.018283784812497726,0.01438391425429342,0.02134952933864613,-0.012887623707099635,0.027525461112929382,0.004078057962311004,0.016911314501839282,0.011892171737874763,0.018998313008711472,0.01955707786365456,0.018386475985046263,0.01899614239278128,0.018987806471102174,0.01902648316833328,0.017604771825835044,0.018558927761679313,0.04269765535008518,0.026389509357753308,0.03034157404412224,0.029246647555065997,0.0384549468416727,-0.05824328972769923,0.026146553462108577,-0.004466568619107089,0.03990130392349958,0.059973236475416254,-0.003933744265696022,0.015209768827361591,-0.052256522348444114,-0.05714985157446583,0.0,-0.12254102510103786
A ETA_dEpsilon_A,0.8559135090557243,0.8599921255692623,0.3285279416377213,0.7956090767247209,0.26119866739953884,0.9469723654647866,0.946948706051297,0.9243187541529208,0.887980708209183,0.9076841083993958,0.8393697653462648,0.8752020399230175,0.8537965457261996,0.8588133225428963,0.8593978257935662,0.8569792679614214,0.8204576647884623,0.8175003305797679,0.992405172619847,0.9984783256945767,0.9979050328973683,0.7429193122518977,-0.5135992946917802,1.0,0.15006543316923,0.44326751525780145,0.3820338686288079,0.9084338718945301,-0.45594750667527034,-0.8652740805548678,-0.6903931427838162,-0.04218540438037564,-0.04474622760653407,-0.002522838073210936,-0.03832672502784728,-0.0268506455220096,-0.06933405631715749,-0.054966196288789015,-0.05011523398570102,-0.048256199248865164,-0.047416165008869214,-0.039796330605778904,-0.04435557237536833,-0.04209871031883917,-0.04272725657826514,-0.04282351107332541,-0.04229569898257578,-0.039061662734051254,-0.06997167155267772,-0.08216784323343784,-0.08146310261189378,-0.0819439365066461,-0.06386536180511407,0.05410145414442852,-0.08029862750487063,-0.00752472413103058,-0.05654509589450143,-0.0412894213897121,-0.03764243232984109,-0.02815394139592674,0.07875387542956494,0.08779206595874368,-5.606186200461295e-19,-0.23033691952889412
A ETA_dAlpha_B,-0.08303242117506714,-0.1408343959438536,-0.14060584373875434,-0.26915531265133674,0.14100807116614744,0.24960543986798833,0.14973810005950017,0.03245798037571094,-0.1318135237953674,-0.04335627979083655,-0.06751318784295066,-0.05566509485320474,-0.01258459311240899,-0.009131504157224532,-0.00576634741281053,-0.07736333070742667,-0.02773227381273665,-0.31839456607531985,0.23532882525007776,0.16051204791453838,0.20117642243761866,-0.45380825147184123,0.58452423400889,0.15006543316923,1.0,-0.48844451246718057,-0.5219197889509473,0.007708879599629395,0.026916362178799332,0.028087727198637603,0.018405264166583012,0.01700046222102735,0.02049347000952716,0.012241994309448336,0.03170136435801627,-0.0065179798640564125,-0.009629307849133165,-0.014728497050750465,0.00903952477010831,0.0150608818930923,0.01689234743144287,0.017241314268979503,0.016224334221811108,0.013078328537904962,0.013004977863014194,0.012820236694463062,0.016526564696640992,0.01378050039571244,0.05420282760125193,-0.008579605973177029,0.0042065704506407675,-0.00013337090445756996,0.059899830504050566,-0.08836400215621926,0.002056614364686242,-0.08295721372125128,0.08707891557354402,0.0791595523599835,0.004964385484858991,0.0837110543040775,-0.046644514453866213,-0.07331387292522559,6.309221882657686e-19,-0.14677235510966122
A ETA_BetaP,0.5337308198109229,0.5831325380209563,0.2444930953329894,0.6518614885167647,0.45701925117986675,0.1831377144499312,0.26090394993122595,0.4707368442433867,0.6106486697889406,0.550065779172797,0.5186328408480051,0.5280537645185639,0.47579101244155475,0.4783263690195818,0.47634641421327434,0.5297125659881136,0.48037886580991723,0.8063842542133107,0.33636486050032555,0.45604285533086514,0.4243671212972375,0.8426406653499114,-0.6427451550718525,0.44326751525780145,-0.48844451246718057,1.0,0.8709431058629047,0.46341643063299726,0.2568173231636216,-0.6830899000396905,-0.7489403881571215,-0.004057451974189684,-0.006506819372554477,0.028076869505841477,-0.01600747452932869,0.009183033087472859,-0.007127912908242133,0.011161273347583014,-0.005483940412588692,-0.01037225268900492,-0.01284817892549854,-0.0030158029019807047,-0.0059262975605345386,0.00026491843234559585,-0.0004194832807890662,-0.0003441124158508211,-0.0036751809968421315,0.0023825128314584297,-0.07894991027201831,-0.036704074388274006,-0.048571104154685754,-0.046358468641407455,-0.07152291344771916,0.09251054554899205,-0.04155983430498165,-0.008314976205754783,-0.08295705919548634,-0.10566215616150834,-0.008616291242719561,-0.13514725606873645,0.08219627978313775,0.12526011185489574,1.3781300890059066e-18,-0.09590977505519097
A FMF,0.40291929130787324,0.4539888863471058,0.07294135198242195,0.5684195850750475,0.14604173510777957,0.1428834790729539,0.15436090205626601,0.34533297514400096,0.4763741629083696,0.4425093173981732,0.3900590517409482,0.39971286890263713,0.3337161923165046,0.336761948707062,0.33440756592345666,0.3975909194914821,0.32824310563790704,0.8278706783344414,0.29092766531062275,0.4100711130998136,0.37246304811853326,0.8617444522125906,-0.8267592381537996,0.3820338686288079,-0.5219197889509473,0.8709431058629047,1.0,0.37703310069701923,0.14804103468257412,-0.6268428485632627,-0.6582996935376361,-0.012271566069810443,-0.012600474321315228,0.00515715708840823,-0.01810156837831276,0.009758003257221115,-0.02115270130132936,-0.002603419894461148,-0.013310214547589388,-0.012515768412317751,-0.017331240904999077,-0.01290418938387208,-0.01346796177744812,-0.01110118314960869,-0.011415437244216911,-0.011409650679903093,-0.012081959754991692,-0.009750771373134267,-0.05576997529588298,-0.03592881550929714,-0.04153801374376258,-0.040387315718975594,-0.049627460223973616,0.06802033653966123,-0.035752793249438995,-0.009555874854085758,-0.03827570426989956,-0.08060854065584716,-0.004112126701332691,-0.037457816718611925,0.0632919723698921,0.07527178585118925,-2.847721301647936e-19,0.0772690103039535
A fragC,0.9399628887478927,0.9394840129506996,0.5103187018308478,0.9036619036347215,0.4000664066284753,0.8805980421073226,0.9248973005440652,0.9659600212158089,0.9492480080650263,0.9684883085360563,0.9306720440317862,0.9492155929484025,0.9311875753468389,0.9341792296063628,0.9341619753641753,0.9402334745739482,0.9115845927011402,0.784717324916167,0.8865482282619109,0.9045180100940233,0.9003838942472671,0.7376749158991689,-0.4764885662960094,0.9084338718945301,0.007708879599629395,0.46341643063299726,0.37703310069701923,1.0,-0.35904252776626217,-0.8661498086497652,-0.7232824341904833,-0.0846862318150272,-0.08752779406190792,-0.025686005369342166,-0.08420679198898805,-0.06602375194877141,-0.09949178451224017,-0.08616158496503795,-0.09082003551241821,-0.08931864336517988,-0.09110810343502952,-0.08209500086039584,-0.08684517025614967,-0.08277178132002612,-0.08354312112315053,-0.0835828789164609,-0.0846759333803359,-0.07945361128499975,-0.10475682742248947,-0.10323145717912871,-0.10586415478186302,-0.10521694086545505,-0.10054014788355593,0.08810414224680589,-0.10418596473859772,0.022364498645329745,-0.08861787232589499,-0.06763517871688265,-0.0852507722266206,-0.054011681575602634,0.11446452580575645,0.13176388578282938,7.897396041180414e-19,-0.2647050983416133
A HOMO,-0.2064720952253645,-0.21952492586649366,0.17075600841392138,-0.15562074740947168,0.4949556401309166,-0.5689991514946068,-0.5562593190124152,-0.30583779691488516,-0.26330973313466355,-0.2517114894427425,-0.17528555568049767,-0.22258276427157775,-0.20135665141720901,-0.20481664171745131,-0.20516693991532314,-0.20782082450643996,-0.15478375430576014,-0.21663075107002153,-0.5049274079221084,-0.43090095131581324,-0.4338172841355162,-0.19588722568115255,0.32623877468633783,-0.45594750667527034,0.026916362178799332,0.2568173231636216,0.14804103468257412,-0.35904252776626217,1.0,0.08445806128578183,-0.2485105750555559,0.07370863675626041,0.08042372453452998,0.006236796220435984,0.06648318531570487,0.06148779720907881,0.1002492848875804,0.10438144503872843,0.08518244813774645,0.0909243673268946,0.07888532486100996,0.06675921639027346,0.07595534831470514,0.07083427412218972,0.0717815815941258,0.0718240732307279,0.07391676206950659,0.06629601780505129,0.09057725969334234,0.1017777612305366,0.09915808799857577,0.09840428441832816,0.09499085885285022,-0.07249213324202569,0.10462832590986441,-0.07746078193142132,0.09927243263489911,0.032882306403016676,0.06927041432219064,-0.08016275649212204,-0.08222271493228325,-0.05682197850985644,0.0,-0.033057217586424034
A LOMO,-0.8892157802292202,-0.8949086524926487,-0.4656250511551486,-0.9012468597584299,-0.4615250641726729,-0.7474731715803333,-0.7633151670086084,-0.8915699108009376,-0.9191973588922925,-0.9183900309781828,-0.8785138084301847,-0.8976168728314874,-0.8692985620143239,-0.872757692119961,-0.8723573576845373,-0.8880773805963319,-0.8555081126408492,-0.8922012930768805,-0.8117403988440224,-0.8725936241222082,-0.8605837003136853,-0.8463426304805518,0.5786112856774862,-0.8652740805548678,0.028087727198637603,-0.6830899000396905,-0.6268428485632627,-0.8661498086497652,0.08445806128578183,1.0,0.9441795833202519,0.04153825473437705,0.04188354317544797,0.014450212640310241,0.03974046450055514,0.03309844829354902,0.057005973865068324,0.04008896691184474,0.04569577194722054,0.042082851762131016,0.04510009842856532,0.04110709821224216,0.04316489630828808,0.042359726609009475,0.04276219375633643,0.04285455945696585,0.04158303019104126,0.04065258780283711,0.060637488509066,0.0663677907704461,0.06784073814573122,0.06834403495619074,0.05304519733209659,-0.04409607266057434,0.06491593438548869,0.024024996452327675,0.042731039298691285,0.04514939407563848,0.03405539525507179,0.061561379027536986,-0.08188431940976751,-0.10154886540299778,1.2986697536753977e-18,0.20591600420872908
